40 230 92 35 50 52 46 83 68 18 143 91 49 45 86 237 129 218 5 5 148 30 100 103 141 11 72 199 49 187 144 228 , 2, 15 154 22 40 161 129 207 141 31 136 63 120 4 77 162 199 189 189 126 47 236 95 235 64 22 123 43 225 95 151 68 22 
214 247 143 163 179 124 251 251 167 158 178 253 148 252 221 46 219 125 193 158 125 110 88 234 79 105 126 51 114 152 65 232 , 2, 254 110 87 200 178 10 146 172 158 212 141 121 25 131 176 205 117 223 247 30 143 28 14 173 207 194 10 167 39 23 207 7 
206 43 245 88 20 68 15 195 53 42 71 134 120 174 119 138 202 118 129 27 28 159 53 238 189 142 250 95 211 4 58 105 , 1, 249 117 126 7 43 181 47 244 11 184 60 191 128 133 108 128 190 221 172 74 73 84 179 236 1 74 2 183 248 218 110 22 
48 203 74 220 89 85 141 115 66 240 76 76 187 125 68 159 56 135 51 67 101 181 235 173 34 22 100 164 144 111 177 169 , 2, 0 47 60 164 208 66 47 195 247 84 169 171 17 153 96 188 234 178 224 56 69 35 38 174 181 132 163 105 242 178 63 214 
62 237 142 1 108 173 199 170 139 108 137 142 73 250 2 39 122 98 114 252 196 119 160 192 178 110 240 111 106 213 154 103 , 1, 26 202 243 178 160 208 70 13 196 203 186 233 222 176 122 135 12 127 65 188 22 4 100 92 51 24 55 79 96 73 189 26 
233 231 108 134 158 88 53 254 206 79 197 230 167 210 94 180 182 228 120 17 63 235 160 9 58 100 134 69 237 219 56 41 , 1, 128 39 121 173 11 6 127 202 40 144 219 233 95 131 27 128 121 210 53 181 220 242 185 108 138 172 174 22 194 134 61 92 
62 237 142 1 108 173 199 170 139 108 137 142 73 250 2 39 122 98 114 252 196 119 160 192 178 110 240 111 106 213 154 103 , 1, 58 198 10 79 120 38 74 233 118 83 133 89 95 127 182 174 134 213 208 131 128 11 174 7 229 218 110 105 123 15 126 29 
206 43 245 88 20 68 15 195 53 42 71 134 120 174 119 138 202 118 129 27 28 159 53 238 189 142 250 95 211 4 58 105 , 1, 222 161 94 232 70 134 49 121 21 43 141 66 191 16 75 4 222 162 94 163 204 219 47 238 242 219 32 208 245 64 128 23 
18 40 168 9 15 164 202 110 131 144 57 132 85 132 72 238 178 255 100 88 10 2 61 200 126 77 110 121 149 105 151 58 , 1, 167 43 14 74 118 234 70 51 0 146 191 78 23 91 198 127 23 144 229 161 183 200 104 239 101 148 8 44 136 30 98 97 
233 231 108 134 158 88 53 254 206 79 197 230 167 210 94 180 182 228 120 17 63 235 160 9 58 100 134 69 237 219 56 41 , 1, 6 117 253 154 34 161 213 251 99 224 147 141 93 79 14 43 6 195 0 41 42 170 114 208 237 210 147 86 205 242 64 188 
62 237 142 1 108 173 199 170 139 108 137 142 73 250 2 39 122 98 114 252 196 119 160 192 178 110 240 111 106 213 154 103 , 1, 55 124 208 57 180 209 62 219 240 31 212 118 47 21 60 125 226 238 1 162 138 244 147 210 173 47 160 40 93 232 230 228 
18 40 168 9 15 164 202 110 131 144 57 132 85 132 72 238 178 255 100 88 10 2 61 200 126 77 110 121 149 105 151 58 , 1, 238 218 98 222 191 144 57 162 139 125 245 88 248 46 1 12 59 76 174 117 162 241 206 172 170 110 13 192 78 57 13 166 
233 231 108 134 158 88 53 254 206 79 197 230 167 210 94 180 182 228 120 17 63 235 160 9 58 100 134 69 237 219 56 41 , 1, 255 215 138 212 245 177 196 214 136 45 68 62 127 89 212 245 145 72 72 78 132 239 78 75 46 216 135 251 254 149 226 143 
62 237 142 1 108 173 199 170 139 108 137 142 73 250 2 39 122 98 114 252 196 119 160 192 178 110 240 111 106 213 154 103 , 1, 215 67 51 103 212 105 140 167 34 94 225 182 20 79 222 140 134 226 44 6 10 238 81 192 216 75 110 194 1 114 181 228 
18 40 168 9 15 164 202 110 131 144 57 132 85 132 72 238 178 255 100 88 10 2 61 200 126 77 110 121 149 105 151 58 , 1, 107 32 117 195 48 80 126 240 22 107 218 124 134 60 79 182 44 120 73 214 84 28 25 166 244 88 52 94 157 187 214 228 
233 231 108 134 158 88 53 254 206 79 197 230 167 210 94 180 182 228 120 17 63 235 160 9 58 100 134 69 237 219 56 41 , 1, 233 90 28 13 144 85 138 190 32 135 117 98 248 188 66 102 15 201 89 110 196 158 134 28 126 104 123 19 39 165 215 30 
62 237 142 1 108 173 199 170 139 108 137 142 73 250 2 39 122 98 114 252 196 119 160 192 178 110 240 111 106 213 154 103 , 1, 172 50 81 18 87 91 226 230 68 172 132 189 33 162 158 246 202 71 134 138 150 184 2 24 220 86 199 234 2 89 34 227 
233 231 108 134 158 88 53 254 206 79 197 230 167 210 94 180 182 228 120 17 63 235 160 9 58 100 134 69 237 219 56 41 , 1, 28 189 107 131 215 12 241 121 224 70 94 32 230 203 226 224 100 233 22 36 145 223 24 17 68 158 0 95 184 2 80 239 
18 40 168 9 15 164 202 110 131 144 57 132 85 132 72 238 178 255 100 88 10 2 61 200 126 77 110 121 149 105 151 58 , 1, 68 21 55 135 69 1 131 238 215 26 92 186 105 85 161 240 60 169 176 65 8 179 127 127 92 2 180 245 211 159 155 61 
18 40 168 9 15 164 202 110 131 144 57 132 85 132 72 238 178 255 100 88 10 2 61 200 126 77 110 121 149 105 151 58 , 1, 207 120 190 142 225 64 19 172 182 185 146 26 130 168 121 167 83 68 240 26 10 205 97 251 39 102 52 190 149 164 63 170 
206 43 245 88 20 68 15 195 53 42 71 134 120 174 119 138 202 118 129 27 28 159 53 238 189 142 250 95 211 4 58 105 , 1, 142 193 254 203 188 56 29 136 163 117 131 149 131 47 163 132 184 41 75 248 194 152 133 49 10 125 122 116 141 156 106 23 
40 230 92 35 50 52 46 83 68 18 143 91 49 45 86 237 129 218 5 5 148 30 100 103 141 11 72 199 49 187 144 228 , 2, 189 72 111 88 253 18 122 72 43 69 255 138 43 14 132 204 170 48 200 246 108 153 186 158 108 147 240 125 119 241 134 96 
48 203 74 220 89 85 141 115 66 240 76 76 187 125 68 159 56 135 51 67 101 181 235 173 34 22 100 164 144 111 177 169 , 2, 142 181 23 114 82 241 216 93 140 213 72 221 176 244 220 238 17 10 46 150 145 234 53 226 37 85 81 233 217 56 7 116 
214 247 143 163 179 124 251 251 167 158 178 253 148 252 221 46 219 125 193 158 125 110 88 234 79 105 126 51 114 152 65 232 , 2, 4 46 119 213 105 108 0 22 101 73 233 69 129 89 183 117 192 180 41 160 215 230 108 69 182 158 186 109 149 105 198 139 
110 241 49 12 140 67 211 163 97 51 217 56 218 228 98 224 74 227 40 238 14 45 252 63 137 199 145 146 100 103 152 73 , 3, 181 197 238 83 63 222 160 224 204 54 91 72 255 99 56 83 157 213 6 66 60 119 54 197 96 50 121 199 21 212 60 252 
215 65 107 64 121 61 113 236 70 174 19 145 152 134 148 8 125 82 141 204 255 145 36 198 51 30 16 124 102 98 101 69 , 3, 229 121 153 247 7 13 29 154 163 173 0 52 247 241 118 183 99 227 5 106 135 57 96 189 195 195 227 162 96 67 37 16 
215 65 107 64 121 61 113 236 70 174 19 145 152 134 148 8 125 82 141 204 255 145 36 198 51 30 16 124 102 98 101 69 , 3, 88 89 81 105 124 201 85 8 47 134 146 14 54 130 184 103 196 236 180 159 24 217 152 110 184 107 222 90 130 240 17 21 
